0 : 0
1 : 180(0)12 224(0)12 142(0)24 233(0)24 175(0)37 105(0)47 168(0)49
2 : 4(224)13 36(224)20 283(180)22 190(224)23 235(142)28 225(142)29 251(180)33 167(224)36 90(142)37 209(180)39 68(175)42 76(180)44 53(224)56 138(180)58 232(180)61
3 : 87(4)15 149(4)26 107(190)28 33(4)29 54(225)30 47(225)31 205(190)33 130(235)34 210(283)34 254(190)34 23(225)35 86(251)35 151(251)35 200(4)35 92(235)37 274(190)37 6(90)39 241(283)41 259(36)41 297(209)41 46(190)42 169(283)42 219(283)42 214(209)43 226(68)43 285(209)43 64(190)44 84(251)44 212(283)47 80(251)49 203(225)49 230(251)49 273(68)49 164(167)50 170(4)50 51(283)61 67(68)61
4 : 267(87)20 116(87)23 197(87)23 61(87)28 82(54)31 106(87)31 243(149)32 57(254)35 165(47)35 34(149)36 147(54)36 217(205)39 270(33)39 196(92)40 56(87)42 110(219)43 183(254)43 19(54)44 63(92)44 65(46)44 102(226)44 120(169)44 245(285)44 271(205)44 9(64)45 186(219)45 234(151)45 261(297)45 231(6)46 8(46)47 15(84)47 124(23)47 137(33)47 202(151)47 257(54)47 20(86)48 123(6)48 132(219)48 256(92)48 108(130)49 119(210)49 284(200)49 101(107)50 287(200)50 10(170)53 161(254)54 255(86)56 265(230)57 31(214)60 69(33)60 16(107)62 128(170)62 94(200)63 109(151)63 157(170)63 294(297)64 41(274)69 3(297)71 44(203)71 220(46)74 178(226)75
5 : 292(267)21 139(267)26 75(267)30 113(116)31 141(267)31 29(267)32 191(267)32 45(116)39 96(82)40 127(147)40 72(196)41 159(270)41 174(270)41 268(243)41 269(147)42 289(82)43 291(197)44 77(165)45 145(110)45 298(270)45 13(9)46 276(245)47 263(147)48 59(271)49 150(243)49 42(267)50 66(116)50 91(256)50 146(245)50 153(147)50 278(102)50 78(165)52 99(124)52 280(61)52 7(116)53 79(82)53 260(9)53 281(267)53 184(147)54 52(63)55 112(165)55 18(245)57 140(217)57 28(161)58 98(261)58 160(65)58 32(257)60 227(106)60 250(108)60 35(106)61 126(108)61 195(202)63 135(183)65 14(109)66 144(19)66 122(94)67 100(109)68 229(234)69 181(197)70 172(243)74 93(256)89
6 : 237(292)26 12(292)27 74(292)27 62(292)28 266(29)34 253(141)35 299(141)35 218(292)40 188(174)42 89(96)44 277(75)44 38(96)45 60(96)46 115(77)47 117(174)47 136(72)47 275(113)47 216(77)48 70(269)49 95(141)49 156(29)49 236(29)49 103(127)50 134(291)50 154(291)50 213(96)50 121(153)51 272(96)51 114(159)52 182(291)52 204(91)52 286(278)52 83(268)53 185(291)53 206(146)53 248(91)53 282(278)53 5(145)55 37(269)55 247(298)55 17(96)56 24(191)57 118(113)58 249(291)58 48(52)59 176(7)59 50(184)60 246(141)60 192(91)61 26(13)62 215(160)63 125(126)66 81(52)69 293(98)69 49(79)71 173(146)73 55(229)88
7 : 208(12)34 11(12)37 211(253)38 58(74)40 73(299)41 177(62)41 43(188)44 71(266)46 258(74)46 27(253)47 97(12)47 162(299)48 279(237)48 133(277)49 148(136)49 240(154)53 290(38)53 143(206)54 239(272)54 264(182)54 222(216)55 166(114)56 30(5)57 152(282)57 288(218)57 1(24)60 39(115)60 131(50)61 187(118)61 21(272)62 244(62)62 242(26)63 111(246)64 179(154)66 22(247)69 198(299)78 155(103)85
8 : 129(73)45 207(58)46 238(211)47 295(279)49 25(162)50 223(97)50 252(211)53 193(71)54 88(73)56 104(222)56 2(222)59 221(71)63 163(39)64 296(179)72 194(27)76 158(131)78 40(73)82 189(22)86
9 : 171(238)49 201(25)56 228(207)60 262(252)62 199(238)68 85(129)75
----
