0 : 0
1 : 113(0)2 154(0)2 95(0)4 181(0)7 172(0)13 299(0)13 15(0)20 252(0)38
2 : 267(95)8 259(113)14 31(172)15 143(299)18 239(113)19 18(113)22 235(95)24 268(172)25 40(181)27 52(181)30 255(113)30 121(181)32 233(154)32 21(299)34 257(154)35 272(299)37 114(172)39 191(95)39 222(299)39 32(299)40 282(154)40 82(15)42 298(181)42 175(154)44 232(15)51 150(299)52 49(15)58
3 : 174(259)16 167(31)23 202(267)23 254(267)24 12(239)25 281(259)25 129(143)27 74(235)28 75(259)29 271(267)29 128(143)30 223(267)30 27(268)35 105(143)35 204(235)35 35(21)36 153(18)37 140(268)38 81(268)39 53(282)41 119(255)41 54(239)42 89(239)43 58(82)44 117(32)44 124(255)44 207(259)44 196(272)45 294(235)45 253(175)46 65(298)47 138(82)47 183(235)48 125(175)49 212(267)50 84(282)52 164(268)52 274(268)52 293(31)61 79(52)65
4 : 26(174)17 177(174)17 109(174)21 116(202)24 157(167)27 161(254)27 168(281)28 145(271)30 194(271)31 92(74)32 17(167)33 278(75)33 276(128)34 76(167)35 288(271)35 133(27)36 142(271)36 148(128)36 178(223)36 101(128)37 67(128)39 86(167)39 275(167)39 23(128)41 72(75)41 216(167)42 249(153)42 3(223)43 107(128)44 221(81)44 158(81)45 170(174)45 163(12)46 78(253)47 22(207)48 151(81)48 199(89)48 220(65)48 24(81)49 66(294)49 205(223)49 241(223)50 104(204)51 42(58)52 69(138)52 195(53)53 184(223)54 29(183)56 135(58)56 200(202)56 39(281)58 80(164)69 34(53)90
5 : 106(26)19 160(26)21 210(161)28 137(168)29 242(168)29 286(168)29 291(161)30 63(177)32 179(168)34 261(161)34 159(194)37 45(145)38 88(288)38 258(194)38 11(101)39 120(17)40 165(275)40 206(148)40 227(26)40 55(109)41 103(17)41 217(157)42 296(161)42 68(194)43 118(101)43 122(133)45 193(249)45 156(275)46 166(133)47 219(221)47 236(116)47 6(148)48 51(177)48 213(221)48 61(17)49 99(3)50 262(72)50 208(17)51 71(142)52 90(145)53 98(288)54 246(92)54 269(69)54 25(278)55 134(275)56 169(249)56 115(135)57 190(220)58 230(22)70 30(275)74 127(241)76
6 : 295(106)22 238(106)29 270(160)32 10(286)33 50(261)37 62(210)37 108(137)37 245(106)37 284(159)38 297(286)38 77(261)39 280(179)39 9(261)40 48(63)41 198(55)42 287(159)42 4(120)43 126(291)44 132(286)44 136(45)44 171(261)44 290(261)44 60(291)45 91(88)45 43(63)46 182(63)47 231(210)48 13(159)49 36(165)51 93(165)52 225(179)55 83(160)57 283(219)58 2(134)61 47(63)61 285(122)61 100(242)62 111(120)65 59(120)69 260(137)73 224(137)75 263(88)80 203(103)91
7 : 192(295)23 251(295)29 46(295)34 33(238)35 146(10)36 187(295)36 38(62)39 186(245)40 248(108)40 218(280)41 279(77)41 234(198)43 292(284)43 44(10)44 56(77)44 162(48)45 215(290)45 250(198)45 8(297)46 256(126)46 57(9)47 209(77)47 243(10)47 188(270)48 240(108)48 211(182)50 28(9)51 155(198)51 214(136)51 19(93)54 20(297)54 189(284)54 247(126)55 229(198)72 139(290)77 149(287)77
8 : 97(192)31 87(251)32 123(46)37 147(46)37 180(251)37 201(146)38 228(192)38 131(38)42 112(248)43 41(218)45 185(8)47 7(192)49 144(186)50 273(44)53 197(33)65 16(247)66 173(248)72
9 : 176(97)33 141(97)37 152(201)40 37(97)42 244(41)46 277(41)46 102(147)48 289(228)48 14(41)49 237(97)52 266(112)52 110(228)53 1(131)68
10 : 96(176)40 226(141)40 73(141)44 130(289)49 94(152)52 64(37)55
11 : 70(226)45 5(73)46 264(94)66 85(96)74
12 : 265(70)48
----
