 201 240 11 ;
 128 101 28 ; 241 69 3 ; 131 69 30 ; 158 185 13 ; 59 98 36 ;
 160 83 36 ; 242 250 45 ; 82 55 44 ; 143 129 9 ; 172 31 2 ;
 182 211 3 ; 112 152 24 ; 164 283 43 ; 93 193 31 ; 206 5 29 ;
 93 165 12 ; 128 107 14 ; 223 241 20 ; 168 137 1 ; 28 9 32 ;
 129 191 45 ; 84 3 47 ; 107 220 33 ; 200 13 26 ; 282 271 33 ;
 110 64 50 ; 73 245 8 ; 286 168 1 ; 7 88 38 ; 158 168 47 ;
 91 298 41 ; 236 82 46 ; 284 189 16 ; 68 141 32 ; 46 123 3 ;
 28 285 20 ; 228 110 15 ; 287 149 35 ; 39 156 25 ; 177 66 43 ;
 75 158 41 ; 217 146 25 ; 63 182 15 ; 180 251 8 ; 11 297 34 ;
 166 77 19 ; 85 5 30 ; 1 44 31 ; 85 84 37 ; 9 261 6 ;
 153 88 16 ; 244 58 12 ; 168 173 46 ; 34 53 49 ; 42 117 46 ;
 225 283 26 ; 145 120 31 ; 176 121 28 ; 56 258 12 ; 145 19 25 ;
 0 172 13 ; 117 168 23 ; 80 89 46 ; 225 123 50 ; 74 217 17 ;
 271 194 2 ; 246 92 22 ; 279 20 45 ; 56 77 5 ; 217 274 24 ;
 143 26 48 ; 105 143 17 ; 178 223 6 ; 175 200 31 ; 174 26 1 ;
 42 298 47 ; 245 296 39 ; 268 27 10 ; 112 135 39 ; 266 104 13 ;
 191 247 41 ; 289 105 34 ; 255 35 9 ; 62 210 9 ; 292 137 36 ;
 244 179 36 ; 91 125 34 ; 29 93 12 ; 40 258 47 ; 128 276 4 ;
 242 168 1 ; 82 209 6 ; 117 164 43 ; 75 278 4 ; 286 22 41 ;
 223 267 22 ; 158 58 47 ; 141 139 43 ; 204 180 3 ; 103 60 29 ;
 106 55 49 ; 108 137 8 ; 216 7 24 ; 58 82 2 ; 111 120 25 ;
 53 43 44 ; 175 253 2 ; 173 147 43 ; 17 51 25 ; 119 206 38 ;
 250 64 43 ; 248 173 32 ; 208 89 39 ; 31 147 24 ; 185 11 44 ;
 61 116 40 ; 204 43 43 ; 157 217 40 ; 1 286 44 ; 26 106 2 ;
 163 108 17 ; 55 56 40 ; 188 16 31 ; 277 48 30 ; 200 285 43 ;
 295 46 12 ; 134 2 5 ; 279 159 24 ; 270 160 11 ; 65 238 19 ;
 67 101 27 ; 185 208 35 ; 176 97 2 ; 256 126 2 ; 287 26 39 ;
 30 73 35 ; 241 260 39 ; 247 291 48 ; 171 261 10 ; 133 27 1 ;
 201 146 2 ; 129 31 13 ; 113 259 12 ; 166 215 38 ; 267 254 16 ;
 105 284 39 ; 41 277 1 ; 279 277 42 ; 128 148 6 ; 190 281 35 ;
 190 234 31 ; 43 63 14 ; 157 176 23 ; 68 43 40 ; 105 62 44 ;
 220 130 12 ; 13 159 12 ; 45 136 6 ; 225 36 11 ; 115 17 45 ;
 57 251 27 ; 153 14 40 ; 10 243 14 ; 131 38 3 ; 236 152 46 ;
 209 124 28 ; 122 138 38 ; 235 183 24 ; 240 108 11 ; 150 276 30 ;
 96 85 34 ; 172 238 50 ; 161 1 43 ; 74 132 33 ; 178 120 36 ;
 24 81 10 ; 103 203 50 ; 290 139 33 ; 66 131 44 ; 178 282 22 ;
 7 130 7 ; 192 3 46 ; 92 216 47 ; 234 291 31 ; 219 221 3 ;
 4 297 35 ; 265 101 40 ; 65 91 31 ; 99 209 13 ; 294 87 47 ;
 165 147 27 ; 122 39 30 ; 17 131 47 ; 265 118 40 ; 97 37 11 ;
 49 93 11 ; 135 58 12 ; 125 175 5 ; 57 275 15 ; 69 269 2 ;
 115 135 1 ; 44 9 41 ; 275 26 24 ; 123 43 44 ; 14 140 31 ;
 127 241 26 ; 237 129 37 ; 148 6 12 ; 202 63 39 ; 166 133 11 ;
 270 0 48 ; 272 96 7 ; 14 72 33 ; 188 195 28 ; 231 210 20 ;
 64 37 13 ; 41 274 42 ; 77 174 48 ; 41 76 12 ; 279 295 47 ;
 291 265 49 ; 138 237 46 ; 294 252 18 ; 228 192 15 ; 257 175 27 ;
 126 291 14 ; 289 33 40 ; 32 162 14 ; 30 203 43 ; 143 235 38 ;
 141 226 3 ; 139 65 42 ; 286 111 46 ; 153 40 38 ; 20 297 16 ;
 96 176 7 ; 262 217 40 ; 153 249 5 ; 167 31 8 ; 9 226 43 ;
 146 67 22 ; 0 259 39 ; 143 245 50 ; 239 151 42 ; 278 223 42 ;
 193 19 18 ; 100 33 35 ; 91 187 34 ; 245 106 18 ; 55 115 44 ;
 47 13 14 ; 70 65 23 ; 158 208 20 ; 58 199 21 ; 101 178 46 ;
 142 71 16 ; 59 223 49 ; 193 15 38 ; 29 12 44 ; 248 67 11 ;
 41 167 24 ; 254 237 41 ; 178 148 50 ; 48 258 49 ; 120 59 29 ;
 116 202 1 ; 183 261 26 ; 283 207 41 ; 271 288 6 ; 116 236 23 ;
 77 29 40 ; 102 36 30 ; 193 214 28 ; 244 14 36 ; 194 187 45 ;
 23 55 49 ; 275 238 11 ; 150 273 20 ; 93 244 10 ; 100 61 46 ;
 122 190 27 ; 64 292 13 ; 243 185 28 ; 22 181 44 ; 7 76 31 ;
 103 151 36 ; 102 126 26 ; 114 28 50 ; 85 173 46 ; 44 273 9 ;
 291 148 49 ; 267 212 42 ; 280 207 29 ; 259 281 11 ; 252 288 37 ;
 185 143 38 ; 120 297 16 ; 98 111 46 ; 297 248 20 ; 192 292 45 ;
 201 283 43 ; 99 3 7 ; 42 283 14 ; 171 294 45 ; 181 298 35 ;
 19 183 31 ; 8 56 28 ; 175 154 42 ; 70 151 40 ; 191 95 35 ;
 286 48 20 ; 280 200 23 ; 187 242 8 ; 0 113 2 ; 147 46 3 ;
 33 65 36 ; 63 73 42 ; 143 248 46 ; 34 19 49 ; 225 262 45 ;
 161 0 43 ; 81 281 43 ; 55 168 38 ; 65 220 1 ; 16 119 48 ;
 18 153 15 ; 256 216 39 ; 197 111 37 ; 45 145 8 ; 43 123 21 ;
 137 36 23 ; 32 117 4 ; 126 225 22 ; 215 290 45 ; 118 58 14 ;
 67 129 17 ; 81 85 36 ; 169 34 47 ; 258 79 45 ; 117 123 20 ;
 239 12 6 ; 62 96 26 ; 165 275 1 ; 189 190 43 ; 185 8 1 ;
 248 75 30 ; 217 157 15 ; 154 78 50 ; 202 88 31 ; 148 206 4 ;
 217 145 19 ; 75 259 15 ; 102 125 40 ; 2 66 31 ; 296 251 41 ;
 296 251 17 ; 126 168 26 ; 92 74 4 ; 93 277 43 ; 174 177 1 ;
 129 95 48 ; 97 222 8 ; 162 24 35 ; 253 78 1 ; 235 74 4 ;
 226 70 5 ; 292 248 26 ; 19 93 2 ; 72 186 31 ; 266 112 9 ;
 66 294 4 ; 116 91 28 ; 73 5 2 ; 207 259 30 ; 159 194 6 ;
 114 172 26 ; 268 164 27 ; 95 235 20 ; 297 8 8 ; 227 26 23 ;
 35 145 17 ; 290 261 10 ; 167 86 16 ; 120 293 27 ; 99 204 23 ;
 204 18 46 ; 132 38 12 ; 8 134 48 ; 29 183 8 ; 236 162 34 ;
 60 198 31 ; 126 240 44 ; 36 108 30 ; 3 228 25 ; 229 80 29 ;
 101 36 49 ; 146 168 38 ; 160 228 24 ; 57 9 7 ; 14 246 19 ;
 49 6 19 ; 282 185 10 ; 175 221 20 ; 155 224 50 ; 179 205 32 ;
 108 6 19 ; 158 205 39 ; 195 65 20 ; 170 174 29 ; 276 240 27 ;
 297 289 36 ; 267 271 21 ; 178 199 44 ; 249 54 20 ; 249 233 25 ;
 80 93 31 ; 0 252 38 ; 89 199 5 ; 158 70 29 ; 288 98 19 ;
 65 147 11 ; 200 167 34 ; 220 45 33 ; 265 47 37 ; 234 48 23 ;
 108 128 18 ; 40 181 20 ; 230 22 22 ; 184 232 44 ; 13 220 44 ;
 133 285 42 ; 243 237 11 ; 77 209 8 ; 109 174 5 ; 248 108 3 ;
 20 268 34 ; 237 9 15 ; 159 239 37 ; 32 175 19 ; 275 188 41 ;
 68 22 29 ; 61 17 16 ; 221 94 26 ; 179 256 50 ; 235 204 11 ;
 288 276 31 ; 273 213 40 ; 87 124 31 ; 275 156 7 ; 95 183 47 ;
 135 4 21 ; 213 65 39 ; 281 39 33 ; 206 270 41 ; 57 205 45 ;
 69 245 23 ; 50 218 37 ; 91 57 13 ; 124 32 22 ; 280 179 5 ;
 128 67 9 ; 299 32 27 ; 187 13 18 ; 221 271 38 ; 212 81 45 ;
 158 150 41 ; 81 252 11 ; 269 44 19 ; 281 168 3 ; 202 200 33 ;
 59 80 50 ; 219 79 34 ; 145 18 48 ; 162 240 21 ; 201 152 2 ;
 146 10 3 ; 88 91 7 ; 248 112 3 ; 166 94 23 ; 169 48 23 ;
 51 107 6 ; 52 79 35 ; 85 224 4 ; 184 139 44 ; 255 40 48 ;
 106 238 10 ; 160 26 4 ; 167 275 16 ; 21 141 12 ; 44 10 11 ;
 18 113 20 ; 73 217 49 ; 208 3 26 ; 113 239 17 ; 258 194 7 ;
 255 53 48 ; 66 265 24 ; 269 184 49 ; 37 206 41 ; 198 250 3 ;
 160 268 19 ; 230 42 36 ; 130 2 41 ; 7 115 31 ; 23 73 27 ;
 132 80 32 ; 179 146 48 ; 252 168 34 ; 1 205 40 ; 243 155 42 ;
 247 16 11 ; 65 298 5 ; 101 128 7 ; 243 188 24 ; 273 211 47 ;
 2 43 29 ; 83 222 25 ; 182 227 45 ; 218 280 2 ; 107 275 8 ;
 299 222 26 ; 211 40 24 ; 217 193 4 ; 173 136 42 ; 48 162 4 ;
 244 164 49 ; 272 299 24 ; 198 234 1 ; 45 152 33 ; 96 11 8 ;
 3 62 32 ; 278 25 22 ; 3 242 15 ; 157 167 4 ; 198 215 16 ;
 151 159 32 ; 200 183 33 ; 275 134 17 ; 225 179 21 ; 207 275 33 ;
 216 31 45 ; 147 61 21 ; 119 65 15 ; 35 274 33 ; 140 172 48 ;
 55 76 10 ; 238 28 45 ; 121 3 29 ; 289 228 10 ; 10 187 38 ;
 94 103 19 ; 240 2 32 ; 112 121 49 ; 227 209 23 ; 261 49 48 ;
 158 157 24 ; 267 95 4 ; 12 268 7 ; 242 10 37 ; 52 72 26 ;
 189 166 31 ; 109 158 33 ; 142 271 7 ; 241 250 16 ; 65 211 17 ;
 114 121 26 ; 239 89 24 ; 92 153 42 ; 0 95 4 ; 188 199 26 ;
 263 88 42 ; 193 249 3 ; 126 92 26 ; 232 85 26 ; 299 150 39 ;
 167 17 10 ; 193 256 1 ; 118 101 6 ; 11 101 2 ; 215 290 1 ;
 190 5 42 ; 84 251 41 ; 136 77 33 ; 211 61 20 ; 288 112 21 ;
 28 279 40 ; 137 224 46 ; 140 94 49 ; 295 106 3 ; 298 21 45 ;
 201 211 50 ; 192 295 1 ; 184 183 30 ; 269 94 41 ; 138 82 5 ;
 158 110 37 ; 299 0 13 ; 97 192 8 ; 295 187 14 ; 47 186 37 ;
 141 87 48 ; 293 31 46 ; 43 215 29 ; 223 184 24 ; 215 23 8 ;
 72 233 21 ; 208 233 23 ; 72 82 15 ; 279 77 2 ; 44 177 40 ;
 130 18 29 ; 128 63 10 ; 225 107 28 ; 153 82 12 ; 228 49 37 ;
 138 121 23 ; 158 81 6 ; 282 154 38 ; 246 185 17 ; 149 230 44 ;
 291 60 15 ; 219 188 28 ; 231 165 37 ; 158 19 21 ; 21 299 21 ;
 260 137 44 ; 132 47 28 ; 289 29 34 ; 228 27 19 ; 244 229 49 ;
 190 220 10 ; 206 191 50 ; 285 122 16 ; 172 32 37 ; 244 106 36 ;
 66 225 11 ; 250 272 40 ; 239 54 23 ; 167 81 41 ; 163 10 40 ;
 53 282 1 ; 259 174 2 ; 297 296 17 ; 221 81 5 ; 165 187 41 ;
 232 5 18 ; 294 255 40 ; 133 194 44 ; 255 113 28 ; 297 276 40 ;
 138 82 23 ; 138 93 47 ; 290 90 45 ; 158 11 26 ; 63 177 15 ;
 55 109 20 ; 272 155 25 ; 213 288 21 ; 209 295 34 ; 38 292 13 ;
 177 183 45 ; 299 73 38 ; 47 63 29 ; 92 274 40 ; 217 89 19 ;
 282 196 30 ; 103 220 35 ; 128 185 25 ; 150 94 20 ; 286 132 15 ;
 98 10 48 ; 44 61 21 ; 31 109 37 ; 161 201 13 ; 3 170 4 ;
 21 152 50 ; 201 256 22 ; 287 136 7 ; 62 38 2 ; 183 24 36 ;
 297 174 48 ; 46 218 10 ; 169 250 21 ; 107 111 24 ; 19 166 44 ;
 72 188 49 ; 73 141 7 ; 294 180 45 ; 100 242 33 ; 53 126 10 ;
 191 175 34 ; 38 222 3 ; 299 143 5 ; 121 250 16 ; 144 21 35 ;
 90 145 23 ; 188 270 16 ; 46 264 46 ; 40 116 41 ; 124 222 17 ;
 233 165 42 ; 217 255 16 ; 119 255 11 ; 23 128 11 ; 90 25 34 ;
 24 115 31 ; 198 55 1 ; 265 101 17 ; 213 193 34 ; 103 17 8 ;
 171 251 23 ; 114 220 28 ; 32 91 35 ; 92 114 14 ; 155 256 41 ;
 238 33 6 ; 219 283 11 ; 169 249 14 ; 136 214 7 ; 271 17 26 ;
 80 240 29 ; 2 54 49 ; 231 86 40 ; 168 179 6 ; 233 86 13 ;
 23 24 48 ; 228 295 31 ; 240 165 32 ; 53 195 12 ; 24 264 37 ;
 104 204 16 ; 158 11 14 ; 141 97 6 ; 9 28 11 ; 242 114 25 ;
 265 191 22 ; 245 186 3 ; 185 103 34 ; 290 156 32 ; 101 232 46 ;
 288 88 3 ; 5 298 14 ; 268 140 13 ; 125 201 44 ; 186 144 10 ;
 210 161 1 ; 232 159 40 ; 286 44 43 ; 21 35 2 ; 252 188 34 ;
 200 176 25 ; 52 181 23 ; 267 202 15 ; 279 27 17 ; 72 265 13 ;
 32 176 26 ; 234 160 35 ; 23 146 32 ; 216 167 19 ; 17 120 7 ;
 102 20 36 ; 276 124 19 ; 201 91 23 ; 265 70 3 ; 283 195 18 ;
 145 227 44 ; 221 213 4 ; 207 237 50 ; 290 153 20 ; 108 222 40 ;
 167 76 12 ; 102 53 36 ; 22 254 29 ; 145 271 1 ; 47 255 46 ;
 214 100 25 ; 10 73 39 ; 265 33 26 ; 67 23 31 ; 36 184 5 ;
 177 51 31 ; 38 205 36 ; 75 279 42 ; 255 124 14 ; 205 223 19 ;
 51 190 21 ; 227 252 47 ; 265 217 32 ; 292 284 5 ; 224 72 41 ;
 78 249 42 ; 61 287 49 ; 96 114 29 ; 138 69 5 ; 151 27 29 ;
 171 78 21 ; 43 57 23 ; 41 23 40 ; 72 67 27 ; 179 292 49 ;
 169 70 49 ; 263 131 38 ; 261 280 5 ; 291 118 26 ; 146 21 3 ;
 276 244 33 ; 296 287 41 ; 268 81 14 ; 209 153 31 ; 135 84 25 ;
 186 254 46 ; 134 217 29 ; 173 230 9 ; 27 222 27 ; 3 120 50 ;
 5 96 44 ; 190 144 34 ; 80 164 17 ; 45 73 20 ; 77 261 5 ;
 102 147 11 ; 197 33 30 ; 227 258 10 ; 186 286 34 ; 14 41 4 ;
 164 98 2 ; 9 288 46 ; 194 68 12 ; 160 165 36 ; 32 243 49 ;
 288 45 48 ; 250 294 31 ; 129 221 39 ; 290 107 27 ; 74 174 20 ;
 29 90 19 ; 81 151 9 ; 28 46 30 ; 140 258 45 ; 77 42 38 ;
 275 30 35 ; 72 32 29 ; 254 161 3 ; 94 152 12 ; 273 278 36 ;
 192 7 26 ; 262 140 30 ; 21 169 26 ; 252 61 36 ; 296 138 29 ;
 36 165 11 ; 172 289 44 ; 251 295 7 ; 55 89 9 ; 266 62 39 ;
 52 7 47 ; 279 269 39 ; 58 42 8 ; 235 294 21 ; 71 43 11 ;
 1 131 26 ; 261 3 15 ; 6 9 14 ; 61 151 24 ; 28 265 13 ;
 132 24 11 ; 163 46 49 ; 222 88 9 ; 209 135 31 ; 280 230 42 ;
 33 61 17 ; 47 64 34 ; 53 123 45 ; 18 184 48 ; 94 264 14 ;
 258 96 38 ; 218 260 34 ; 218 234 25 ; 128 143 12 ; 9 176 42 ;
 50 261 3 ; 168 8 19 ; 1 114 42 ; 248 132 27 ; 45 278 43 ;
 160 236 40 ; 0 154 2 ; 185 125 38 ; 211 253 31 ; 72 262 9 ;
 163 12 21 ; 67 233 29 ; 88 234 45 ; 179 234 28 ; 207 32 8 ;
 200 192 45 ; 41 244 1 ; 142 182 26 ; 229 93 32 ; 211 218 44 ;
 122 133 9 ; 242 201 42 ; 122 289 28 ; 117 220 15 ; 296 128 47 ;
 153 80 41 ; 247 121 38 ; 0 15 20 ; 125 296 13 ; 8 207 33 ;
 102 29 17 ; 12 23 20 ; 155 198 9 ; 232 15 31 ; 48 63 9 ;
 144 268 41 ; 237 216 12 ; 274 268 27 ; 193 145 23 ; 257 154 33 ;
 240 256 14 ; 108 20 40 ; 177 175 38 ; 287 159 5 ; 17 208 18 ;
 228 104 36 ; 218 41 4 ; 82 15 22 ; 260 69 36 ; 270 223 18 ;
 210 231 33 ; 70 251 22 ; 247 126 11 ; 234 37 15 ; 251 245 34 ;
 231 50 22 ; 150 91 27 ; 284 159 1 ; 244 119 20 ; 79 89 43 ;
 48 51 24 ; 181 121 25 ; 4 120 3 ; 17 54 40 ; 233 58 38 ;
 169 289 38 ; 40 191 31 ; 166 175 42 ; 268 172 12 ; 87 251 3 ;
 181 0 7 ; 154 233 30 ; 130 289 1 ; 284 58 7 ; 124 292 15 ;
 261 161 7 ; 200 253 48 ; 282 171 26 ; 224 140 50 ; 37 279 1 ;
 291 161 3 ; 49 15 38 ; 229 198 30 ; 281 182 38 ; 87 58 32 ;
 252 71 43 ; 210 23 48 ; 59 6 22 ; 84 282 12 ; 33 19 43 ;
 286 10 4 ; 290 60 22 ; 228 41 22 ; 207 22 4 ; 296 161 15 ;
 78 165 36 ; 72 75 12 ; 72 135 18 ; 243 271 50 ; 6 57 21 ;
 48 43 33 ; 252 85 43 ; 275 13 36 ; 196 272 8 ; 51 21 20 ;
 265 99 35 ; 3 223 13 ; 64 295 48 ; 183 238 19 ; 284 244 28 ;
 104 293 23 ; 286 297 9 ; 281 272 24 ; 16 220 49 ; 126 271 20 ;
 97 237 21 ; 233 292 44 ; 145 56 40 ; 244 239 30 ;