0 : 1
1 : 231(1)13 14(1)35 193(1)44 148(1)62 249(1)71 25(1)83 223(1)148
2 : 299(231)16 239(231)25 3(231)45 58(231)53 161(14)53 289(14)55 266(14)62 78(14)70 264(14)72 158(231)78 242(193)79 263(249)81 154(25)85 26(249)93 22(249)103 278(148)112 30(193)122 128(14)144
3 : 28(299)24 21(299)32 79(3)46 258(299)47 98(3)49 57(161)57 5(239)58 106(161)61 93(299)62 163(239)64 32(239)66 196(299)68 268(289)71 169(239)74 185(264)75 238(289)78 59(239)84 187(289)84 131(242)88 207(289)88 212(78)90 155(264)92 42(78)93 291(289)93 152(26)97 226(78)97 229(3)102 39(239)103 33(299)109 141(263)117 276(266)152
4 : 160(21)38 294(28)38 96(28)41 288(28)48 272(21)55 219(28)56 274(5)60 51(57)63 195(5)69 181(196)71 80(268)72 194(93)74 43(93)75 209(21)75 4(268)77 192(169)78 281(106)81 52(258)82 20(21)83 216(169)83 269(28)83 261(5)84 211(32)85 252(238)86 220(98)89 186(21)93 150(42)95 217(28)96 168(169)102 102(152)103 245(268)103 68(229)104 114(196)104 170(268)105 179(207)109 190(98)110 88(155)111 172(32)111 250(169)115 145(93)116 191(152)121 108(33)126 143(187)129 118(93)137 228(141)152
5 : 41(160)48 146(160)53 76(96)59 69(294)61 71(274)61 34(294)64 121(51)68 53(274)70 279(96)70 235(160)75 165(80)77 171(43)77 2(219)78 270(194)78 297(181)78 64(294)79 134(219)79 10(194)80 255(209)80 107(43)83 224(281)83 62(51)84 138(194)84 200(209)85 19(209)86 60(80)86 149(294)86 277(195)87 137(181)89 210(4)92 72(20)94 147(4)94 103(80)95 129(194)95 133(209)95 285(194)95 164(192)96 230(294)96 89(219)97 86(294)98 46(269)100 9(68)106 198(211)108 24(216)110 300(192)111 176(181)115 112(250)117 111(186)123 233(219)130 12(4)133 202(216)135
6 : 286(146)68 15(279)71 267(146)73 296(71)75 75(121)78 113(69)79 49(279)80 90(76)80 177(121)81 232(270)81 298(71)81 92(279)82 159(64)82 117(69)84 153(76)84 290(69)85 67(255)86 218(121)86 236(255)86 265(255)86 47(107)88 204(41)91 82(19)92 124(149)92 183(19)92 262(19)92 247(76)94 237(76)95 38(41)97 74(277)97 144(64)97 139(255)98 234(76)98 205(41)99 35(235)100 126(89)100 140(129)100 243(230)100 173(41)102 50(235)103 199(146)108 208(72)108 95(270)109 206(134)109 11(198)110 91(72)110 100(34)112 130(72)112 251(34)114 182(72)115 56(279)117 7(147)121 227(60)123 36(64)124 257(64)126 23(34)130 8(71)131 248(171)150
7 : 55(286)74 110(286)74 167(267)79 225(113)80 295(296)82 203(267)85 66(177)87 188(286)87 6(286)88 135(286)89 180(286)89 197(265)89 244(90)89 61(153)90 125(298)91 240(290)91 292(92)91 31(232)92 293(236)92 222(262)95 29(298)96 27(67)97 166(286)97 44(247)100 45(267)100 162(75)101 280(49)102 101(35)108 84(247)109 254(199)109 81(159)110 83(204)110 260(91)111 87(298)114 65(140)116 221(124)118 85(90)119 178(298)120 63(182)121 246(183)122 97(267)123 104(140)128 105(206)132 256(290)134 120(243)141 273(267)144 99(75)147 157(251)162 151(153)176
8 : 275(110)75 37(203)87 136(66)89 241(6)90 77(295)94 122(244)94 156(240)94 284(295)94 16(6)95 40(125)97 48(295)98 73(125)98 175(180)98 213(203)98 123(66)101 17(180)102 282(295)104 119(292)105 184(162)105 283(166)107 174(225)108 201(6)108 54(162)116 109(280)118 127(240)125 215(85)132 214(105)133 18(65)139 94(83)145
9 : 271(275)90 259(284)95 70(122)96 253(156)114 142(175)120 132(54)137 115(123)150
10 : 287(271)92 189(259)99 13(259)113 116(70)121
----
